 10003:269   1049688,589   741133,657   -45,015
 10003:270   1049688,589   741133,657   -45,015
  10003:37   1045826,346   734442,529   -44,810
 10003:409   1047771,178   740078,718   -44,947
 10003:455   1048944,773   733743,618   -44,873
 11007:247   1043195,520   743327,826   -44,901
 11007:761   1039515,488   743438,492   -44,845
 11007:762   1039515,488   743438,492   -44,845
 11007:764   1039515,488   743438,492   -44,845
  11007:96   1044711,757   743489,333   -44,934
 17704:300   1034978,114   743283,729   -44,778
 17704:302   1034639,071   744034,874   -44,788
 17704:308   1035037,863   743605,278   -44,785
 17704:329   1034357,932   751473,015   -44,956
 17704:379   1044462,427   752020,360   -45,155
 17704:444   1060644,743   759381,162   -45,547
 17704:516   1060397,639   759087,161   -45,536
 17704:638   1046451,793   748245,323   -45,086
 17704:664   1041230,755   745181,310   -44,907
 17704:667   1041201,634   746716,822   -44,948
 17704:672   1041326,727   747396,286   -44,968
 17704:694   1041572,622   750854,157   -45,068
 17704:706   1040440,758   745584,303   -44,905
 17704:786   1042787,913   746336,241   -44,966
 17704:874   1059543,650   778484,979   -45,857
 17704:882   1057813,050   776980,365   -45,805
 17704:893   1066915,466   776960,630   -45,995
  17704:91   1037373,763   744778,298   -44,845
19007:1824   1035185,063   737214,463   -44,669
19007:1921   1044335,493   732143,196   -44,738
19007:2002   1034134,453   724958,916   -44,447
 19007:908   1039317,794   739784,336   -44,778
 19007:951   1042278,760   731080,148   -44,683
 19007:957   1042028,637   733815,499   -44,722
 19007:966   1038585,371   736335,834   -44,707
 25107:189   1057739,044   713495,172   -44,626
 25107:190   1058146,772   712790,173   -44,624
 25107:191   1057536,242   714241,650   -44,637
 25107:210   1064009,284   706016,122   -44,677
 25107:223   1058176,557   705957,324   -44,492
 25107:228   1054087,914   706476,040   -44,401
 25107:252   1048487,913   711553,523   -44,384
  25107:86   1066874,490   740887,190   -45,469
 25607:278   1141455,263   807315,486   -47,015
 26907:124   1029499,587   804253,794   -45,844
 26907:153   1042824,720   743559,450   -44,898
  26907:17   1033677,902   792345,842   -45,700
 26907:194   1026179,278   784885,470   -45,455
   26907:2   1034703,433   791578,639   -45,707
 26907:202   1022565,150   778780,481   -45,278
  26907:32   1033531,419   792792,752   -45,705
  26907:38   1034089,769   796967,275   -45,790
  26907:65   1023853,232   791545,466   -45,518
  26907:69   1023853,232   791545,466   -45,518
  26907:93   1049610,968   782537,849   -45,844
 27207:107   1031964,841   760902,955   -45,125
  27207:11   1033793,297   765259,406   -45,271
 27207:118   1037419,831   772156,272   -45,485
  27207:12   1033865,664   764859,809   -45,263
  27207:14   1033459,115   764216,380   -45,238
 27207:154   1019829,478   750158,473   -44,693
  27207:16   1034399,111   764655,544   -45,270
 27207:168   1034530,530   757585,621   -45,098
  27207:19   1034952,596   764050,565   -45,269
  27207:20   1035186,131   763715,412   -45,266
  27207:24   1034946,835   762781,499   -45,236
 27207:257   1025169,673   771900,263   -45,207
  27207:28   1032947,259   763375,702   -45,205
 27207:281   1024583,171   757132,999   -44,898
  27207:88   1030286,090   760106,553   -45,069
   27207:9   1034114,550   765522,788   -45,284
   27607:1   1015048,078   734328,406   -44,342
   27607:4   1014904,390   733948,251   -44,336
  28900:14   1036544,365   673828,775   -43,889
   28900:2   1037925,841   678860,922   -43,983
 30071:161   1071608,679   837914,835   -46,802
 30071:229   1074755,244   827179,362   -46,710
 30071:237   1071026,760   827604,071   -46,659
 30071:240   1061351,835   820350,499   -46,520
 30071:274   1059118,077   822208,770   -46,528
 30071:277   1058999,454   822023,026   -46,526
 30071:337   1059603,966   840750,179   -46,724
 30071:389   1045009,820   810857,919   -46,244
 30071:412   1052905,709   807740,494   -46,291
 30071:416    991404,722   681017,602   -43,643
 30071:432   1044523,449   810333,679   -46,231
  30072:11   1082944,757   810852,688   -46,686
  30072:15   1085686,981   816501,797   -46,764
 30072:168   1089610,536   828336,134   -46,948
 30072:256   1100248,323   817832,292   -46,873
  30072:28   1082945,358   814107,357   -46,697
 30072:283   1089836,540   814158,113   -46,780
 30072:285   1089620,778   813536,247   -46,774
 30072:309   1094478,808   820573,848   -46,898
 30072:335   1086731,336   808434,833   -46,735
