10003:269	1049688,589	741133,657	50.0300518	14.4571304	R	20180202
10003:270	1049688,589	741133,657	50.0300518	14.4571304	R	20180202
10003:37	1045826,346	734442,529	50.072598	14.54241	R	20180202
10003:409	1047771,178	740078,718	50.04842	14.4680867	R	20180202
10003:455	1048944,773	733743,618	50.0456607	14.5579451	R	20180202
11007:247	1043195,520	743327,826	50.0852033	14.4144276	R	20180202
11007:761	1039515,488	743438,492	50.1178458	14.4058748	R	20180202
11007:762	1039515,488	743438,492	50.1178458	14.4058748	R	20180202
11007:764	1039515,488	743438,492	50.1178458	14.4058748	R	20180202
11007:96	1044711,757	743489,333	50.0714999	14.415082	R	20180202
17704:300	1034978,114	743283,729	50.1584492	14.3993508	R	20180202
17704:302	1034639,071	744034,874	50.16054579999999	14.3882883	R	20180202
17704:308	1035037,863	743605,278	50.157522	14.3950072	R	20180202
17704:329	1034357,932	751473,015	50.1538573	14.2846402	R	20180202
17704:379	1044462,427	752020,360	50.063197	14.296564	R	20180202
17704:444	1060644,743	759381,162	49.90993539999999	14.2261462	R	20180202
17704:516	1060397,639	759087,161	49.9125028	14.2297222	R	20180202
17704:638	1046451,793	748245,323	50.050151	14.3526058	R	20180202
17704:664	1041230,755	745181,310	50.1004266	14.3850148	R	20180202
17704:667	1041201,634	746716,822	50.0987952	14.3636977	R	20180202
17704:672	1041326,727	747396,286	50.0968432	14.3545299	R	20180202
17704:694	1041572,622	750854,157	50.0903776	14.3071336	R	20180202
17704:706	1040440,758	745584,303	50.1069669	14.3779229	R	20180202
17704:786	1042787,913	746336,241	50.0851361	14.3720045	R	20180202
17704:874	1059543,650	778484,979	49.895575	13.9606891	R	20180202
17704:882	1057813,050	776980,365	49.9129026	13.9779939	R	20180202
17704:893	1066915,466	776960,630	49.8319139	13.9962572	R	20180202
17704:91	1037373,763	744778,298	50.1352749	14.3832182	R	20180202
19007:1824	1035185,063	737214,463	50.1640301	14.4839001	R	20180202
19007:1824	1035185,063	737214,463	50.1640301	14.4839001	R	20180202
19007:1921	1044335,493	732143,196	50.08866200000001	14.571443	R	20180202
19007:1921	1044335,493	732143,196	50.08866200000001	14.571443	R	20180202
19007:2002	1034134,453	724958,916	50.1881978	14.6519477	R	20180202
19007:2002	1034134,453	724958,916	50.1881978	14.6519477	R	20180202
19007:908	1039317,794	739784,336	50.1240813	14.4561227	R	20180202
19007:951	1042278,760	731080,148	50.1082701	14.5823072	R	20180202
19007:957	1042028,637	733815,499	50.107192	14.5439434	R	20180202
19007:966	1038585,371	736335,834	50.13480879999999	14.5025219	R	20180202
25107:189	1057739,044	713495,172	49.9914204	14.854277	R	20180202
25107:190	1058146,772	712790,173	49.9886132	14.8647672	R	20180202
25107:191	1057536,242	714241,650	49.99235119999999	14.8435857	R	20180202
25107:210	1064009,284	706016,122	49.9442515	14.9689998	R	20180202
25107:223	1058176,557	705957,324	49.9963243	14.9593116	R	20180202
25107:228	1054087,914	706476,040	50.0321744	14.9447577	R	20180202
25107:252	1048487,913	711553,523	50.0761663	14.8642921	R	20180202
25107:86	1066874,490	740887,190	49.877255	14.4930127	R	20180202
25607:278	1141455,263	807315,486	49.1294114	13.7295047	R	20180202
26907:124	1029499,587	804253,794	50.1292091	13.5440923	R	20180202
26907:153	1042824,720	743559,450	50.0882219	14.4105141	R	20180202
26907:17	1033677,902	792345,842	50.1077659	13.7173802	R	20180202
26907:194	1026179,278	784885,470	50.1842038	13.8054391	R	20180202
26907:2	1034703,433	791578,639	50.0996475	13.7300779	R	20180202
26907:202	1022565,150	778780,481	50.2242617	13.8827812	R	20180202
26907:32	1033531,419	792792,752	50.10848350000001	13.7109004	R	20180202
26907:38	1034089,769	796967,275	50.098033	13.6543116	R	20180202
26907:65	1023853,232	791545,466	50.196206	13.7084292	R	20180202
26907:69	1023853,232	791545,466	50.196206	13.7084292	R	20180202
26907:93	1049610,968	782537,849	49.97875819999999	13.8850316	R	20180202
27207:107	1031964,841	760902,955	50.163377	14.149292	R	20180202
27207:11	1033793,297	765259,406	50.1416042	14.0925231	R	20180202
27207:118	1037419,831	772156,272	50.10056489999999	14.0042063	R	20180202
27207:12	1033865,664	764859,809	50.1414653	14.0982004	R	20180202
27207:14	1033459,115	764216,380	50.1458972	14.1063137	R	20180202
27207:154	1019829,478	750158,473	50.2848614	14.2747503	R	20180202
27207:16	1034399,111	764655,544	50.1369749	14.1020787	R	20180202
27207:168	1034530,530	757585,621	50.1446981	14.2002713	R	20180202
27207:19	1034952,596	764050,565	50.132812	14.111545	R	20180202
27207:20	1035186,131	763715,412	50.1311561	14.1166451	R	20180202
27207:24	1034946,835	762781,499	50.1344642	14.1291098	R	20180202
27207:257	1025169,673	771900,263	50.2099172	13.9834124	R	20180202
27207:28	1032947,259	763375,702	50.151515	14.1169545	R	20180202
27207:281	1024583,171	757132,999	50.2338294	14.1871385	R	20180202
27207:88	1030286,090	760106,553	50.1793239	14.1570436	R	20180202
27207:9	1034114,550	765522,788	50.1384114	14.0895075	R	20180202
27607:1	1015048,078	734328,406	50.3469232	14.4857433	R	20180202
27607:4	1014904,390	733948,251	50.34866599999999	14.490762	R	20180202
28900:14	1036544,365	673828,775	50.2258009	15.3666292	R	20180202
28900:2	1037925,841	678860,922	50.207855	15.299073	R	20180202
30071:161	1071608,679	837914,835	49.7093773	13.1688819	R	20180202
30071:229	1074755,244	827179,362	49.6960734	13.3226092	R	20180202
30071:237	1071026,760	827604,071	49.7286371	13.3089834	R	20180202
30071:240	1061351,835	820350,499	49.8244536	13.3883291	R	20180202
30071:274	1059118,077	822208,770	49.84180060000001	13.3581265	R	20180202
30071:277	1058999,454	822023,026	49.8431062	13.3604316	R	20180202
30071:337	1059603,966	840750,179	49.8121291	13.1044452	R	20180202
30071:389	1045009,820	810857,919	49.98249	13.485015	R	20180202
30071:412	1052905,709	807740,494	49.91643879999999	13.544293	R	20180202
30071:416	991404,722	681017,602	50.6203438	15.1868685	R	20180202
30071:432	1044523,449	810333,679	49.9875153	13.4912356	R	20180202
30072:11	1082944,757	810852,688	49.64517430000001	13.5632042	R	20180202
30072:15	1085686,981	816501,797	49.61326469999999	13.4914926	R	20180202
30072:168	1089610,536	828336,134	49.5624615	13.3377799	R	20180202
30072:256	1100248,323	817832,292	49.4820114	13.5031995	R	20180202
30072:28	1082945,358	814107,357	49.6408389	13.5186356	R	20180202
30072:283	1089836,540	814158,113	49.57949259999999	13.5320697	R	20180202
30072:285	1089620,778	813536,247	49.582239	13.540133	R	20180202
30072:309	1094478,808	820573,848	49.5296433	13.4539151	R	20180202
30072:335	1086731,336	808434,833	49.6147034	13.6040347	R	20180202
